a = [3; -7; 1]
b = [2; 4; 2]
c = [-3; 2; 0]

