A = [5, -9; -1, 2]
B = [4, 13; 1, 3]
C = [7, 2; -1, 3]

