A13 = [-3; -4; 3]
A12 = [-2; -2; 2]
A14 = [-4; -3; 1]

det( [A13'; A12'; A14'] )